6
101 B1 100 100 100 84
102 B2 100 100 100 34
103 G1 95 95 90 95
104 B3 80 58 52 80
105 G2 85 80 85 80
106 B4 10 10 10 91
100
1 AA1 81 72 74 40
2 AA2 69 74 98 98
3 AA3 62 84 85 85
4 AA4 41 97 61 31
5 AA5 95 72 87 96
6 AA6 91 79 82 93
7 AA7 92 62 81 96
8 AA8 78 60 67 66
9 AA9 51 73 89 92
10 AA10 87 74 95 74
11 AA11 63 61 62 33
12 AA12 73 84 81 51
13 AA13 93 83 87 64
14 AA14 62 97 97 79
15 AA15 63 76 69 78
16 AA16 56 75 90 22
17 AA17 88 56 60 82
18 AA18 44 68 66 65
19 AA19 90 79 70 90
20 AA20 46 61 93 48
21 AA21 49 78 64 54
22 AA22 76 60 66 36
23 AA23 51 83 84 59
24 AA24 66 83 77 38
25 AA25 78 67 69 81
26 AA26 73 75 99 78
27 AA27 64 85 77 86
28 AA28 93 76 81 45
29 AA29 84 92 90 89
30 AA30 57 58 77 52
31 AA31 86 70 61 96
32 AA32 75 72 75 74
33 AA33 51 92 90 50
34 AA34 61 89 66 90
35 AA35 67 96 67 77
36 AA36 77 57 93 83
37 AA37 45 99 69 98
38 AA38 81 58 82 86
39 AA39 66 80 73 68
40 AA40 40 66 62 75
41 AA41 50 69 84 77
42 AA42 48 58 95 61
43 AA43 42 60 71 56
44 AA44 54 95 96 41
45 AA45 88 79 88 24
46 AA46 41 64 73 99
47 AA47 58 93 80 48
48 AA48 47 72 68 33
49 AA49 88 83 67 41
50 AA50 70 57 73 94
51 AA51 69 66 75 31
52 AA52 60 84 99 56
53 AA53 98 73 84 68
54 AA54 64 84 89 82
55 AA55 55 65 73 43
56 AA56 83 67 94 83
57 AA57 48 55 78 78
58 AA58 40 96 98 21
59 AA59 69 63 69 57
60 AA60 52 97 78 72
61 AA61 78 69 90 77
62 AA62 78 81 75 28
63 AA63 56 91 62 94
64 AA64 72 85 68 26
65 AA65 62 81 95 53
66 AA66 89 82 64 76
67 AA67 81 58 62 31
68 AA68 41 84 97 96
69 AA69 92 99 95 92
70 AA70 60 90 63 89
71 AA71 81 73 61 49
72 AA72 55 98 62 45
73 AA73 42 80 68 86
74 AA74 97 97 92 72
75 AA75 69 94 61 89
76 AA76 96 64 68 72
77 AA77 45 80 94 89
78 AA78 41 72 85 80
79 AA79 98 73 79 43
80 AA80 59 86 67 69
81 AA81 89 77 86 89
82 AA82 53 75 77 36
83 AA83 66 95 68 62
84 AA84 75 94 94 41
85 AA85 96 71 86 43
86 AA86 93 65 85 73
87 AA87 52 63 92 85
88 AA88 93 91 61 58
89 AA89 46 92 61 84
90 AA90 76 72 69 21
91 AA91 55 75 73 86
92 AA92 84 69 72 59
93 AA93 73 99 94 90
94 AA94 45 94 86 93
95 AA95 74 87 68 38
96 AA96 47 60 98 51
97 AA97 42 80 97 34
98 AA98 54 94 74 54
99 AA99 52 99 93 90
100 AA100 87 92 98 37